<TICKER>,<PER>,<DATE>,<TIME>,<OPEN>,<HIGH>,<LOW>,<CLOSE>,<VOL>,<OPENINT>
AFSC.US,D,20250218,000000,29.77,29.77,29.62,29.672,347,0
AFSC.US,D,20250219,000000,29.525,29.62,29.525,29.5405,694,0
AFSC.US,D,20250220,000000,29.05,29.06,28.84,28.9568,20207,0
AFSC.US,D,20250221,000000,28.15,28.15,28.1188,28.1188,834,0
AFSC.US,D,20250224,000000,28.13,28.13,28.13,28.13,600,0
AFSC.US,D,20250225,000000,27.87,27.9047,27.74,27.9047,841,0
AFSC.US,D,20250304,000000,26.28,27.06,26.28,26.6006,2057,0
AFSC.US,D,20250307,000000,25.71,26.3807,25.71,26.3807,508,0
AFSC.US,D,20250310,000000,25.79,25.98,25.7476,25.7476,667,0
AFSC.US,D,20250313,000000,25.33,25.3438,25.33,25.3438,1000,0
AFSC.US,D,20250314,000000,25.57,25.83,25.57,25.82,1850,0
AFSC.US,D,20250317,000000,26.01,26.15,26.01,26.15,305,0
AFSC.US,D,20250318,000000,26.01,26.01,25.92,25.92,269,0
AFSC.US,D,20250319,000000,26.17,26.42,26.17,26.41,400,0
AFSC.US,D,20250320,000000,26.51,26.51,26.29,26.29,968,0
AFSC.US,D,20250321,000000,26.37,26.37,26.04,26.12,669,0
AFSC.US,D,20250324,000000,26.7,26.87,26.7,26.87,309,0
AFSC.US,D,20250326,000000,26.83,26.83,26.5,26.5,1292,0
AFSC.US,D,20250327,000000,26.25,26.59,26.25,26.39,698,0
AFSC.US,D,20250328,000000,26.22,26.22,25.88,25.88,210,0
AFSC.US,D,20250401,000000,26.32,26.58,26.32,26.58,200,0
AFSC.US,D,20250402,000000,26.45,27.0088,26.45,27.0088,122,0
AFSC.US,D,20250403,000000,25.11,25.455,25.11,25.14,535,0
AFSC.US,D,20250404,000000,24.03,24.22,23.86,24.15,700,0
AFSC.US,D,20250407,000000,24.352,24.352,23.9572,23.9572,419,0
AFSC.US,D,20250408,000000,23.6301,23.6301,23.24,23.24,247,0
AFSC.US,D,20250409,000000,23.5,25.52,23.5,25.38,487,0
AFSC.US,D,20250410,000000,24.54,24.6,24.28,24.44,1273,0
AFSC.US,D,20250411,000000,24.29,24.77,24.26,24.77,3504,0
AFSC.US,D,20250414,000000,25,25.101,25,25.101,100,0
AFSC.US,D,20250416,000000,24.18,24.9092,24.18,24.9092,310,0
AFSC.US,D,20250421,000000,25.08,25.08,24.5266,24.5266,688,0
AFSC.US,D,20250422,000000,25.19,25.1992,25.19,25.1992,114,0
AFSC.US,D,20250423,000000,26.09,26.09,25.51,25.51,201,0
AFSC.US,D,20250424,000000,25.56,25.99,25.56,25.99,301,0
AFSC.US,D,20250425,000000,25.9,26.008,25.9,26.008,102,0
AFSC.US,D,20250428,000000,26.15,26.15,25.91,26.04,3411,0
AFSC.US,D,20250429,000000,25.9,26.26,25.9,26.21,4515,0
AFSC.US,D,20250430,000000,25.81,26.2,25.81,26.2,3335,0
AFSC.US,D,20250501,000000,26.11,26.49,26.11,26.22,515,0
AFSC.US,D,20250502,000000,26.03,26.94,26.03,26.94,5308,0
AFSC.US,D,20250505,000000,26.84,26.84,26.72,26.72,237,0
AFSC.US,D,20250506,000000,26.53,26.66,26.53,26.58,4307,0
AFSC.US,D,20250507,000000,26.7,26.7,26.61,26.62,301,0
AFSC.US,D,20250508,000000,26.84,27.26,26.8,27.11,6700,0
AFSC.US,D,20250509,000000,27.12,27.12,26.87,27,23219,0
AFSC.US,D,20250512,000000,27.93,27.93,27.51,27.7041,50692,0
AFSC.US,D,20250513,000000,27.75,28.01,27.75,27.9484,5590,0
AFSC.US,D,20250514,000000,27.87,27.87,27.76,27.772,575,0
AFSC.US,D,20250515,000000,27.82,27.9226,27.82,27.9226,100,0
AFSC.US,D,20250516,000000,27.94,28.14,27.93,28.14,625,0
AFSC.US,D,20250519,000000,27.95,28.17,27.93,28.1608,28691,0
AFSC.US,D,20250520,000000,28.08,28.22,28.08,28.1886,93811,0
AFSC.US,D,20250521,000000,27.96,27.96,27.525,27.525,53257,0
AFSC.US,D,20250522,000000,27.47,27.57,27.4345,27.4345,89858,0
AFSC.US,D,20250523,000000,27.27,27.44,27.27,27.4135,85319,0
AFSC.US,D,20250527,000000,27.58,27.96,27.58,27.96,69299,0
AFSC.US,D,20250528,000000,27.84,27.88,27.6479,27.6479,3369,0
AFSC.US,D,20250529,000000,27.6,27.7146,27.6,27.7146,70100,0
AFSC.US,D,20250530,000000,27.47,27.8477,27.47,27.8477,53203,0
AFSC.US,D,20250602,000000,27.48,27.7303,27.47,27.7303,96832,0
AFSC.US,D,20250603,000000,27.71,27.9622,27.71,27.9622,1399,0
AFSC.US,D,20250604,000000,28.17,28.17,28.0331,28.0331,100,0
AFSC.US,D,20250605,000000,27.94,28.11,27.94,28.0229,2716,0
AFSC.US,D,20250606,000000,28.32,28.323,28.28,28.323,5191,0
AFSC.US,D,20250609,000000,28.44,28.535,28.38,28.4665,33911,0
AFSC.US,D,20250610,000000,28.41,28.45,28.35,28.3759,5476,0
AFSC.US,D,20250611,000000,28.53,28.53,28.2775,28.2775,428,0
AFSC.US,D,20250613,000000,27.77,27.79,27.62,27.6427,407,0
AFSC.US,D,20250617,000000,27.78,27.7944,27.78,27.7944,100,0
AFSC.US,D,20250618,000000,28.03,28.03,27.91,27.91,120,0
AFSC.US,D,20250620,000000,27.72,27.72,27.72,27.72,200,0
AFSC.US,D,20250623,000000,26.99,28.1213,26.99,28.1213,4861,0
AFSC.US,D,20250624,000000,28.4272,28.455,28.4272,28.455,812,0
AFSC.US,D,20250625,000000,29.03,29.03,28.08,28.08,329,0
AFSC.US,D,20250626,000000,28.13,28.3872,28.13,28.3872,12562,0
AFSC.US,D,20250627,000000,28.47,28.48,28.4055,28.4055,5101,0
AFSC.US,D,20250630,000000,28.37,28.5247,28.37,28.45,40850,0
AFSC.US,D,20250701,000000,28.47,28.6824,28.47,28.6824,20126,0
AFSC.US,D,20250702,000000,28.63,28.9375,28.63,28.9375,27116,0
AFSC.US,D,20250703,000000,29.14,29.21,29.14,29.2012,76163,0
AFSC.US,D,20250707,000000,29.09,29.09,28.8096,28.8096,26088,0
AFSC.US,D,20250708,000000,29.23,29.23,28.9,29.01,3344,0
AFSC.US,D,20250710,000000,29.25,29.37,29.25,29.2913,1709,0
AFSC.US,D,20250715,000000,28.505,28.505,28.42,28.42,225,0
AFSC.US,D,20250717,000000,28.86,28.96,28.86,28.93,418,0
AFSC.US,D,20250718,000000,28.87,28.9,28.83,28.86,1203,0
AFSC.US,D,20250721,000000,29.02,29.031,28.81,28.81,889,0
AFSC.US,D,20250723,000000,29.19,29.19,29.06,29.1474,230,0
AFSC.US,D,20250724,000000,28.92,28.92,28.7936,28.7936,392,0
AFSC.US,D,20250725,000000,28.5,28.9817,28.5,28.9817,495,0
AFSC.US,D,20250728,000000,29.14,29.14,29.0958,29.0958,104,0
AFSC.US,D,20250729,000000,29.23,29.23,28.93,28.93,4554,0
AFSC.US,D,20250730,000000,29.14,29.285,29.0285,29.0285,555,0
AFSC.US,D,20250731,000000,28.95,28.95,28.52,28.52,671,0
AFSC.US,D,20250801,000000,28.12,28.365,28.12,28.3075,1173,0
AFSC.US,D,20250804,000000,28.35,28.715,28.35,28.715,466,0
AFSC.US,D,20250805,000000,28.57,28.6398,28.57,28.6077,414,0
AFSC.US,D,20250806,000000,28.31,28.31,28.26,28.2825,236,0
AFSC.US,D,20250807,000000,28.26,28.26,28.09,28.0999,2603,0
AFSC.US,D,20250808,000000,28.47,28.4827,28.3825,28.3825,497,0
AFSC.US,D,20250811,000000,28.415,28.415,28.3283,28.3283,343,0
AFSC.US,D,20250812,000000,28.79,29.13,28.79,29.13,200,0
AFSC.US,D,20250813,000000,29.6205,29.6378,29.6205,29.6378,541,0
AFSC.US,D,20250814,000000,29.275,29.2966,29.275,29.2966,166,0
AFSC.US,D,20250818,000000,29.1,29.3123,29.1,29.3123,352,0
AFSC.US,D,20250819,000000,29.32,29.4,29.12,29.1994,324,0
AFSC.US,D,20250820,000000,29.03,29.0923,29.03,29.0923,106,0
AFSC.US,D,20250821,000000,29.185,29.211,29.185,29.211,220,0
AFSC.US,D,20250825,000000,29.89,29.89,29.7887,29.7887,224,0
AFSC.US,D,20250826,000000,29.8,29.89,29.8,29.87,3240,0
AFSC.US,D,20250827,000000,30.06,30.1414,30.06,30.1414,277,0
AFSC.US,D,20250902,000000,29.83,29.83,29.83,29.83,100,0
AFSC.US,D,20250903,000000,30.65,30.65,29.8564,29.8564,394,0
AFSC.US,D,20250904,000000,30.27,30.34,30.27,30.34,237,0
AFSC.US,D,20250909,000000,30.17,30.17,30.17,30.17,132,0
AFSC.US,D,20250910,000000,30.03,30.0948,30.03,30.0948,235,0
AFSC.US,D,20250911,000000,30.52,30.6,30.52,30.6,203,0
AFSC.US,D,20250915,000000,30.12,30.12,30.0197,30.0197,387,0
AFSC.US,D,20250916,000000,29.95,29.95,29.85,29.9367,973,0
AFSC.US,D,20250917,000000,30.15,30.27,30.0559,30.0559,1750,0
AFSC.US,D,20250918,000000,30.38,30.644,30.38,30.644,166,0
AFSC.US,D,20250919,000000,30.15,30.435,30.15,30.198,369,0
