<TICKER>,<PER>,<DATE>,<TIME>,<OPEN>,<HIGH>,<LOW>,<CLOSE>,<VOL>,<OPENINT>
AGIX.US,D,20240723,000000,25.18,25.35,25.18,25.2669,3051,0
AGIX.US,D,20240724,000000,25.05,25.05,23.9837,23.9837,13191,0
AGIX.US,D,20240725,000000,24,24.19,23.78,23.905,8942,0
AGIX.US,D,20240726,000000,24.23,24.23,23.93,24.0483,3667,0
AGIX.US,D,20240729,000000,24.24,24.265,23.94,24.055,29244,0
AGIX.US,D,20240730,000000,24.29,24.29,23.39,23.4636,44664,0
AGIX.US,D,20240731,000000,24.19,24.3898,24.19,24.3898,3445,0
AGIX.US,D,20240801,000000,24.5,24.6205,23.3772,23.558,14640,0
AGIX.US,D,20240802,000000,23.01,23.1,22.5,22.7737,13351,0
AGIX.US,D,20240805,000000,22.1,22.11,21.82,22.0545,13365,0
AGIX.US,D,20240806,000000,22.61,22.63,22.4206,22.4206,430,0
AGIX.US,D,20240807,000000,23.04,23.04,22.158,22.158,813,0
AGIX.US,D,20240808,000000,22.835,22.9692,22.835,22.9692,403,0
AGIX.US,D,20240809,000000,23.24,23.24,23.1927,23.1927,294,0
AGIX.US,D,20240812,000000,23.41,23.41,23.195,23.2066,1770,0
AGIX.US,D,20240813,000000,23.6301,23.9362,23.6301,23.9362,4272,0
AGIX.US,D,20240814,000000,24,24.08,23.88,24.0716,1136,0
AGIX.US,D,20240815,000000,24.555,24.75,24.55,24.7475,7276,0
AGIX.US,D,20240816,000000,24.74,24.81,24.71,24.8044,1653,0
AGIX.US,D,20240819,000000,24.86,25.1338,24.71,25.1338,1829,0
AGIX.US,D,20240820,000000,25.2,25.3,25.11,25.125,2089,0
AGIX.US,D,20240821,000000,25.13,25.24,25.12,25.2258,2907,0
AGIX.US,D,20240822,000000,25.23,25.23,24.6059,24.6059,4832,0
AGIX.US,D,20240823,000000,25,25,24.72,24.97,574,0
AGIX.US,D,20240826,000000,25,25,24.58,24.6173,609,0
AGIX.US,D,20240827,000000,24.58,24.635,24.58,24.6347,297,0
AGIX.US,D,20240828,000000,24.19,24.3124,24.19,24.3124,1247,0
AGIX.US,D,20240829,000000,24.39,24.7,24.2501,24.2501,2300,0
AGIX.US,D,20240830,000000,24.47,24.565,24.355,24.565,545,0
AGIX.US,D,20240903,000000,24.48,24.48,23.5279,23.5279,1827,0
AGIX.US,D,20240904,000000,23.4363,23.4363,23.4363,23.4363,226,0
AGIX.US,D,20240905,000000,23.52,23.61,23.5,23.5024,654,0
AGIX.US,D,20240906,000000,23.5,23.5,22.7943,22.7943,1021,0
AGIX.US,D,20240909,000000,23.16,23.2206,23.06,23.2206,1197,0
AGIX.US,D,20240910,000000,23.38,23.5534,23.38,23.5534,276,0
AGIX.US,D,20240911,000000,23.58,24.26,23.58,24.2548,1030,0
AGIX.US,D,20240912,000000,24.5325,24.5325,24.5325,24.5325,190,0
AGIX.US,D,20240913,000000,24.58,24.65,24.58,24.6284,337,0
AGIX.US,D,20240916,000000,24.63,24.63,24.3413,24.5362,3444,0
AGIX.US,D,20240917,000000,24.67,24.67,24.42,24.4833,3622,0
AGIX.US,D,20240918,000000,24.3917,24.3978,24.3917,24.3978,993,0
AGIX.US,D,20240919,000000,24.9,25.19,24.9,25.09,5207,0
AGIX.US,D,20240920,000000,25.0745,25.0745,25.0745,25.0745,168,0
AGIX.US,D,20240923,000000,25.1,25.1973,25.1,25.1973,4895,0
AGIX.US,D,20240924,000000,25.09,25.37,25.04,25.3466,2744,0
AGIX.US,D,20240925,000000,25.48,25.48,25.41,25.4208,5059,0
AGIX.US,D,20240926,000000,25.73,25.73,25.435,25.629,2554,0
AGIX.US,D,20240927,000000,25.71,25.71,25.3798,25.3798,4669,0
AGIX.US,D,20240930,000000,25.31,25.4028,25.24,25.4028,3125,0
AGIX.US,D,20241001,000000,25.2,25.2,24.7999,24.8916,3916,0
AGIX.US,D,20241002,000000,24.98,25.1199,24.98,25.085,4865,0
AGIX.US,D,20241003,000000,25.17,25.17,25.03,25.1023,595,0
AGIX.US,D,20241004,000000,25.5,25.5451,25.23,25.5451,1223,0
AGIX.US,D,20241007,000000,25.47,25.53,25.3271,25.345,5484,0
AGIX.US,D,20241008,000000,25.69,25.7494,25.68,25.7494,762,0
AGIX.US,D,20241009,000000,25.92,26.092,25.92,26.092,1939,0
AGIX.US,D,20241010,000000,26.14,26.31,26.14,26.2624,927,0
AGIX.US,D,20241011,000000,26.26,26.3645,26.26,26.345,3380,0
AGIX.US,D,20241014,000000,26.7,26.7,26.49,26.595,550,0
AGIX.US,D,20241015,000000,26.59,26.59,25.86,26.0659,3006,0
AGIX.US,D,20241016,000000,26.16,26.16,25.97,26.0692,4593,0
AGIX.US,D,20241017,000000,26.37,26.44,26.2673,26.2673,1521,0
AGIX.US,D,20241018,000000,26.2853,26.2853,26.2853,26.2853,23,0
AGIX.US,D,20241021,000000,26.41,26.41,26.22,26.3466,461,0
AGIX.US,D,20241022,000000,26.26,26.33,26.21,26.308,974,0
AGIX.US,D,20241023,000000,26.2,26.2,25.77,25.8044,1853,0
AGIX.US,D,20241024,000000,26.14,26.16,26.07,26.16,816,0
AGIX.US,D,20241025,000000,26.6,26.61,26.41,26.41,3766,0
AGIX.US,D,20241028,000000,26.61,26.61,26.415,26.415,11308,0
AGIX.US,D,20241029,000000,26.42,26.72,26.4,26.72,10789,0
AGIX.US,D,20241030,000000,26.69,26.77,26.4711,26.4711,4807,0
AGIX.US,D,20241031,000000,25.89,25.89,25.77,25.79,729,0
AGIX.US,D,20241101,000000,25.892,26.1,25.892,25.9802,920,0
AGIX.US,D,20241104,000000,25.9,26.03,25.85,25.89,8457,0
AGIX.US,D,20241105,000000,26.23,26.58,26.23,26.45,5304,0
AGIX.US,D,20241106,000000,27.16,27.335,27.16,27.31,562,0
AGIX.US,D,20241107,000000,27.32,27.93,27.32,27.87,2026,0
AGIX.US,D,20241108,000000,27.87,27.9,27.73,27.9,6114,0
AGIX.US,D,20241111,000000,27.99,28,27.7928,28,7920,0
AGIX.US,D,20241112,000000,27.96,28.06,27.85,27.93,3141,0
AGIX.US,D,20241113,000000,27.98,28.289,27.98,28.03,24689,0
AGIX.US,D,20241114,000000,28.09,28.09,27.78,27.78,2586,0
AGIX.US,D,20241115,000000,28.12,28.12,26.985,27.14,2386,0
AGIX.US,D,20241118,000000,27.21,27.29,27.04,27.12,2696,0
AGIX.US,D,20241119,000000,27.15,27.61,27.13,27.61,1250,0
AGIX.US,D,20241120,000000,27.61,27.61,27.195,27.56,1531,0
AGIX.US,D,20241121,000000,27.85,28.11,27.7893,28.1,1644,0
AGIX.US,D,20241122,000000,28.23,28.3,28.19,28.3,6863,0
AGIX.US,D,20241125,000000,28.66,28.72,28.26,28.33,7764,0
AGIX.US,D,20241126,000000,28.43,28.48,28.4,28.4651,4121,0
AGIX.US,D,20241127,000000,28.14,28.18,27.9429,28.0206,6321,0
AGIX.US,D,20241129,000000,28.07,28.255,28.07,28.23,705,0
AGIX.US,D,20241202,000000,28.27,28.71,28.27,28.63,15334,0
AGIX.US,D,20241203,000000,28.63,28.89,28.53,28.89,5429,0
AGIX.US,D,20241204,000000,29.48,29.9,29.455,29.9,9076,0
AGIX.US,D,20241205,000000,29.91,29.99,29.845,29.87,7374,0
AGIX.US,D,20241206,000000,29.96,30.15,29.96,30.13,2895,0
AGIX.US,D,20241209,000000,30.23,30.23,29.65,29.81,30156,0
AGIX.US,D,20241210,000000,29.81,29.9398,29.25,29.39,8155,0
AGIX.US,D,20241211,000000,29.54,29.9925,29.54,29.99,6620,0
AGIX.US,D,20241212,000000,29.85,29.95,29.79,29.79,4333,0
AGIX.US,D,20241213,000000,30.06,30.06,29.66,29.85,8951,0
AGIX.US,D,20241216,000000,30.01,30.37,30,30.36,12987,0
AGIX.US,D,20241217,000000,30.25,30.25,29.96,30.09,12409,0
AGIX.US,D,20241218,000000,30.11,30.15,28.81,28.87,39095,0
AGIX.US,D,20241219,000000,29.22,29.27,28.81,28.87,8753,0
AGIX.US,D,20241220,000000,28.71,29.41,28.54,29.16,4011,0
AGIX.US,D,20241223,000000,29.26,29.26,28.97,29.21,26221,0
AGIX.US,D,20241224,000000,29.4995,29.64,29.48,29.64,2101,0
AGIX.US,D,20241226,000000,29.64,29.64,29.3467,29.57,3450,0
AGIX.US,D,20241227,000000,29.51,29.51,28.865,29.13,8069,0
AGIX.US,D,20241230,000000,28.75,28.84,28.34,28.71,13288,0
AGIX.US,D,20241231,000000,29.01,29.01,28.4,28.43,4752,0
AGIX.US,D,20250102,000000,28.62,28.76,28.2,28.4,17592,0
AGIX.US,D,20250103,000000,28.68,29.09,28.6697,29.09,10548,0
AGIX.US,D,20250106,000000,29.58,29.74,29.32,29.57,15119,0
AGIX.US,D,20250107,000000,29.59,29.59,28.83,28.88,12499,0
AGIX.US,D,20250108,000000,28.85,28.97,28.6495,28.85,8880,0
AGIX.US,D,20250110,000000,28.56,28.64,28.215,28.55,11539,0
AGIX.US,D,20250113,000000,28.05,28.24,27.9,28.24,8844,0
AGIX.US,D,20250114,000000,28.42,28.63,28.23,28.34,6881,0
AGIX.US,D,20250115,000000,29.09,29.12,28.79,29.08,48687,0
AGIX.US,D,20250116,000000,29.24,29.45,29.1,29.45,7775,0
AGIX.US,D,20250117,000000,29.59,29.62,29.35,29.5,5904,0
AGIX.US,D,20250121,000000,29.76,30.12,29.4863,30.12,11025,0
AGIX.US,D,20250122,000000,30.22,30.549,30.185,30.45,11680,0
AGIX.US,D,20250123,000000,30.33,30.48,30.11,30.48,14666,0
AGIX.US,D,20250124,000000,30.55,30.67,30.322,30.345,28991,0
AGIX.US,D,20250127,000000,29.02,29.7195,28.84,29.25,94993,0
AGIX.US,D,20250128,000000,30.21,30.27,29.185,30.27,7238,0
AGIX.US,D,20250129,000000,30.29,30.29,29.85,30.07,3997,0
AGIX.US,D,20250130,000000,30.07,30.1295,29.76,30.01,3409,0
AGIX.US,D,20250131,000000,30.28,30.28,30.04,30.1,1174,0
AGIX.US,D,20250203,000000,29.44,29.97,29.27,29.79,40935,0
AGIX.US,D,20250204,000000,29.99,30.39,29.99,30.39,4289,0
AGIX.US,D,20250205,000000,30.28,30.65,30.28,30.65,3611,0
AGIX.US,D,20250206,000000,30.8,31,30.42,30.62,49849,0
AGIX.US,D,20250207,000000,30.68,30.948,30.4329,30.5,15808,0
AGIX.US,D,20250210,000000,30.63,31.06,30.63,31.05,20903,0
AGIX.US,D,20250211,000000,30.76,30.93,30.62,30.82,14810,0
AGIX.US,D,20250212,000000,30.38,30.8792,30.38,30.85,6942,0
AGIX.US,D,20250213,000000,30.95,31.31,30.71,31.3,9240,0
AGIX.US,D,20250214,000000,31.31,31.6,31,31.3,12779,0
AGIX.US,D,20250218,000000,31.49,31.51,31.31,31.51,19879,0
AGIX.US,D,20250219,000000,31.3,31.65,31.09,31.21,24567,0
AGIX.US,D,20250220,000000,31,31,30.255,30.63,13203,0
AGIX.US,D,20250221,000000,30.69,30.69,29.66,29.67,13201,0
AGIX.US,D,20250224,000000,29.71,29.71,28.83,29.06,21087,0
AGIX.US,D,20250225,000000,29,29,28.1407,28.47,51559,0
AGIX.US,D,20250226,000000,28.79,29.19,28.73,28.84,11908,0
AGIX.US,D,20250227,000000,29.13,29.17,27.84,27.85,27158,0
AGIX.US,D,20250228,000000,27.719,28.15,27.5,28.15,44369,0
AGIX.US,D,20250303,000000,28.21,28.47,27.01,27.1002,66400,0
AGIX.US,D,20250304,000000,26.94,27.58,26.3,27.17,32210,0
AGIX.US,D,20250305,000000,27.33,27.75,27.0189,27.71,34397,0
AGIX.US,D,20250306,000000,27,27.2613,26.3,26.3,11580,0
AGIX.US,D,20250307,000000,26.31,26.505,25.6595,26.3563,14656,0
AGIX.US,D,20250310,000000,25.75,25.75,24.85,24.96,31225,0
AGIX.US,D,20250311,000000,24.99,25.61,24.9,25.35,37319,0
AGIX.US,D,20250312,000000,25.83,26.05,25.605,25.88,11031,0
AGIX.US,D,20250313,000000,25.75,25.75,25,25.02,7837,0
AGIX.US,D,20250314,000000,25.46,25.83,25.46,25.8193,5630,0
AGIX.US,D,20250317,000000,25.82,26.15,25.82,25.9968,5250,0
AGIX.US,D,20250318,000000,26,26,25.18,25.4,76699,0
AGIX.US,D,20250319,000000,25.56,26.03,25.56,25.8956,5054,0
AGIX.US,D,20250320,000000,25.75,26.14,25.65,25.83,8303,0
AGIX.US,D,20250321,000000,25.38,26.0359,25.38,26.0145,6753,0
AGIX.US,D,20250324,000000,26.31,26.85,26.31,26.85,4492,0
AGIX.US,D,20250325,000000,26.93,27,26.86,27,7867,0
AGIX.US,D,20250326,000000,26.9,26.9,26.02,26.02,8055,0
AGIX.US,D,20250327,000000,25.84,25.98,25.7,25.82,3788,0
AGIX.US,D,20250328,000000,25.57,25.57,24.85,24.9145,10238,0
AGIX.US,D,20250331,000000,24.52,24.57,23.9293,24.53,15624,0
AGIX.US,D,20250401,000000,24.53,25.03,24.45,25.03,3131,0
AGIX.US,D,20250402,000000,25.02,25.545,24.68,25.41,16682,0
AGIX.US,D,20250403,000000,24.75,24.75,23.15,23.3921,47542,0
AGIX.US,D,20250404,000000,22.55,22.59,21.75,22.11,49196,0
AGIX.US,D,20250407,000000,21.54,22.69,20.815,22.18,30203,0
AGIX.US,D,20250408,000000,23,23.52,21.5,21.59,28777,0
AGIX.US,D,20250409,000000,21.96,24.41,21.9,24.17,9305,0
AGIX.US,D,20250410,000000,24.09,24.09,22.9,23.5,6834,0
AGIX.US,D,20250411,000000,23.63,23.97,23.26,23.97,15724,0
AGIX.US,D,20250414,000000,24.3,24.33,23.68,23.93,13174,0
AGIX.US,D,20250415,000000,24.05,24.05,23.8,23.9445,6620,0
AGIX.US,D,20250416,000000,23.6,23.69,23.09,23.46,3679,0
AGIX.US,D,20250417,000000,23.31,23.35,23.1417,23.2123,6496,0
AGIX.US,D,20250421,000000,23.17,23.17,22.35,22.62,11171,0
AGIX.US,D,20250422,000000,22.7512,23.14,22.7512,22.8947,4229,0
AGIX.US,D,20250423,000000,24.26,24.45,23.96,24.1,6013,0
AGIX.US,D,20250424,000000,24.7307,25.14,24.7307,25.14,3761,0
AGIX.US,D,20250425,000000,25.2935,25.53,25.2034,25.4932,2781,0
AGIX.US,D,20250428,000000,25.5804,25.6971,25.25,25.5931,5722,0
AGIX.US,D,20250429,000000,25.62,25.7698,25.62,25.75,1073,0
AGIX.US,D,20250430,000000,25.44,25.64,24.95,25.64,20114,0
AGIX.US,D,20250501,000000,26,26.34,25.9,25.97,4156,0
AGIX.US,D,20250502,000000,26.37,26.8988,26.37,26.743,20205,0
AGIX.US,D,20250505,000000,26.6391,26.87,26.6391,26.72,3884,0
AGIX.US,D,20250506,000000,26.16,26.47,26.16,26.39,7494,0
AGIX.US,D,20250507,000000,26.38,26.6002,26.35,26.35,1569,0
AGIX.US,D,20250508,000000,26.99,27.23,26.88,27.1,7295,0
AGIX.US,D,20250509,000000,27.235,27.235,26.7714,26.9895,3456,0
AGIX.US,D,20250512,000000,28.65,28.65,28.02,28.405,9626,0
AGIX.US,D,20250513,000000,28.72,29.1,28.49,29.03,8380,0
AGIX.US,D,20250514,000000,29.41,29.55,29.17,29.47,8391,0
AGIX.US,D,20250515,000000,29.15,29.29,29.1,29.21,8826,0
AGIX.US,D,20250516,000000,29.34,29.3699,29.145,29.3054,9499,0
AGIX.US,D,20250519,000000,28.67,29.21,28.67,29.21,8618,0
AGIX.US,D,20250520,000000,29.21,29.26,28.97,29.19,25491,0
AGIX.US,D,20250521,000000,28.9,29.06,28.6,28.71,8648,0
AGIX.US,D,20250522,000000,29.0799,29.1,28.83,28.83,12233,0
AGIX.US,D,20250523,000000,28.38,28.735,28.12,28.5,14621,0
AGIX.US,D,20250527,000000,28.96,29.3599,28.96,29.27,10269,0
AGIX.US,D,20250528,000000,29.27,29.33,29.05,29.05,21624,0
AGIX.US,D,20250529,000000,29.06,29.15,28.72,28.72,24434,0
AGIX.US,D,20250530,000000,28.72,28.97,28.44,28.97,6692,0
AGIX.US,D,20250602,000000,29.02,29.34,28.72,29.34,3058,0
AGIX.US,D,20250603,000000,29.4,29.6299,29.28,29.5656,53376,0
AGIX.US,D,20250604,000000,29.7,29.82,29.55,29.8,5940,0
AGIX.US,D,20250605,000000,29.8,30.44,29.8,29.87,14323,0
AGIX.US,D,20250606,000000,29.87,30.38,29.87,30.32,9916,0
AGIX.US,D,20250609,000000,30.39,30.55,30.28,30.45,12097,0
AGIX.US,D,20250610,000000,30.46,30.49,30.2829,30.475,16941,0
AGIX.US,D,20250611,000000,30.5099,30.73,30.432,30.445,15530,0
AGIX.US,D,20250612,000000,30.45,30.6,30.37,30.48,10532,0
AGIX.US,D,20250613,000000,30.2,30.38,29.97,30.02,9301,0
AGIX.US,D,20250616,000000,30.39,30.58,30.3343,30.55,16815,0
AGIX.US,D,20250617,000000,30.44,30.5,30.2158,30.3,8292,0
AGIX.US,D,20250618,000000,30.41,30.5,30.2146,30.3151,4761,0
AGIX.US,D,20250620,000000,30.32,30.395,29.98,30,6943,0
AGIX.US,D,20250623,000000,29.75,30.31,29.75,30.24,4056,0
AGIX.US,D,20250624,000000,31.03,31.49,30.74,30.94,15108,0
AGIX.US,D,20250625,000000,31.02,31.28,30.78,30.78,3883,0
AGIX.US,D,20250626,000000,31.05,31.47,30.878,31.47,30306,0
AGIX.US,D,20250627,000000,31.49,31.6899,31.06,31.65,68519,0
AGIX.US,D,20250630,000000,31.73,31.88,31.6,31.715,20492,0
AGIX.US,D,20250701,000000,31.65,31.65,30.68,31.02,22969,0
AGIX.US,D,20250702,000000,31.02,31.2685,30.805,31.26,11024,0
AGIX.US,D,20250703,000000,31.26,31.87,31.26,31.54,25446,0
AGIX.US,D,20250707,000000,31.51,31.7,31.09,31.44,5902,0
AGIX.US,D,20250708,000000,31.36,31.47,31.21,31.28,5917,0
AGIX.US,D,20250709,000000,31.3801,31.7081,31.3,31.68,7529,0
AGIX.US,D,20250710,000000,31.67,31.67,31.08,31.38,7250,0
AGIX.US,D,20250711,000000,31.09,31.235,30.898,30.92,25802,0
AGIX.US,D,20250714,000000,30.86,31.55,30.86,31.55,17712,0
AGIX.US,D,20250715,000000,31.69,31.7969,31.64,31.79,9869,0
AGIX.US,D,20250716,000000,31.89,31.89,31.1,31.7712,13646,0
AGIX.US,D,20250717,000000,31.77,31.99,31.67,31.955,3577,0
AGIX.US,D,20250718,000000,32.11,32.16,31.93,32.1195,26256,0
AGIX.US,D,20250721,000000,32.42,32.4983,32.21,32.26,34357,0
AGIX.US,D,20250722,000000,32.13,32.16,31.47,31.9749,25703,0
AGIX.US,D,20250723,000000,32.01,32.35,31.902,32.2638,20318,0
AGIX.US,D,20250724,000000,32.3,32.43,32.03,32.28,31412,0
AGIX.US,D,20250725,000000,32.23,32.77,32.23,32.4682,74508,0
AGIX.US,D,20250728,000000,32.61,32.7346,32.38,32.7346,21667,0
AGIX.US,D,20250729,000000,32.73,32.73,32.29,32.6053,19956,0
AGIX.US,D,20250730,000000,32.61,32.7499,32.318,32.4162,23034,0
AGIX.US,D,20250731,000000,33.07,33.07,32.42,32.4595,34535,0
AGIX.US,D,20250801,000000,32,32,31.28,31.3901,32559,0
AGIX.US,D,20250804,000000,31.7,32.15,31.7,32.0227,37063,0
AGIX.US,D,20250805,000000,32.18,32.3,31.8,31.9531,16228,0
AGIX.US,D,20250806,000000,32.15,32.71,32.15,32.7002,183919,0
AGIX.US,D,20250807,000000,33.42,33.55,32.5012,32.8174,38919,0
AGIX.US,D,20250808,000000,32.96,33.19,32.6501,32.8585,36215,0
AGIX.US,D,20250811,000000,32.75,33.1288,32.6492,32.6583,24606,0
AGIX.US,D,20250812,000000,32.9,33.15,32.61,33.1406,11180,0
AGIX.US,D,20250813,000000,33.23,33.23,32.8601,32.99,51407,0
AGIX.US,D,20250814,000000,32.98,32.98,32.66,32.76,16235,0
AGIX.US,D,20250815,000000,32.81,32.92,32.76,32.87,40244,0
AGIX.US,D,20250818,000000,32.9,33.14,32.8,33.105,8299,0
AGIX.US,D,20250819,000000,33.11,33.11,32.25,32.2553,27002,0
AGIX.US,D,20250820,000000,32.5,32.61,31.75,32.4901,20096,0
AGIX.US,D,20250821,000000,32.49,32.49,32.28,32.3808,11052,0
AGIX.US,D,20250822,000000,32.41,33.24,32.14,33.01,19784,0
AGIX.US,D,20250825,000000,33,33.13,32.84,32.9549,13202,0
AGIX.US,D,20250826,000000,33,33.08,32.8515,32.895,10536,0
AGIX.US,D,20250827,000000,33.16,33.4,33.16,33.3675,3745,0
AGIX.US,D,20250828,000000,33.63,34.3499,33.61,34.2667,25569,0
AGIX.US,D,20250829,000000,34.16,34.16,33.5,33.6109,14220,0
AGIX.US,D,20250902,000000,33.25,33.35,32.55,33.2772,53016,0
AGIX.US,D,20250903,000000,33.65,33.79,33.54,33.682,9118,0
AGIX.US,D,20250904,000000,33.63,33.84,33.36,33.8346,12141,0
AGIX.US,D,20250905,000000,34.221,34.36,33.82,34.1948,23473,0
AGIX.US,D,20250908,000000,34.23,34.72,34.23,34.6413,23789,0
AGIX.US,D,20250909,000000,35.19,35.2263,34.859,35.2263,40278,0
AGIX.US,D,20250910,000000,35.79,35.93,35.43,35.59,18704,0
AGIX.US,D,20250911,000000,35.88,35.98,35.71,35.785,86307,0
AGIX.US,D,20250912,000000,35.95,35.95,35.66,35.7323,25243,0
AGIX.US,D,20250915,000000,35.73,36.33,35.73,36.3,31977,0
AGIX.US,D,20250916,000000,36.41,36.41,36.16,36.26,28627,0
AGIX.US,D,20250917,000000,36.16,36.425,35.7999,36.28,16006,0
AGIX.US,D,20250918,000000,36.45,36.8185,36.45,36.69,22952,0
AGIX.US,D,20250919,000000,36.8,37.77,36.77,37.4298,581565,0
